$ANSIBLE_VAULT;1.1;AES256
36373562323464653565643766626437623039656264353963303838373635376632653566306466
6537393862346664336636623066366266333162303162350a373966653038633661303861626639
36383635393630666633386132323262623431386333383635383932616261323638316133663338
3836336263303737370a323130333436633663626232313132623263326532323939373431383531
35353334623334373233346463306635313964363230666538303737646465346564626562623638
66383930383331303066373935333261663464666336303637633139643730643665386664356630
33396666643332376461636461646464316366616230306266303239363661306264313963383631
64356237386235393639366237663534306230613632353635636530336431633034663039393762
38373564343064356265373634336564353063646438376561653463393261316238663161643534
64393430623735346539383665623539306166303364316339663166376134623334653833626561
61313430373063393637363062383732396633663363383435656438326132613938373331643134
66346437353164303338
