$ANSIBLE_VAULT;1.1;AES256
30666661363161626261333634663732346231633935656138376139613838323666316466663439
3833653566306462396263646132393132613530383363300a306339343839343033306264346234
36616430383062636632383339393036336238373638636131346139643636376262383063643362
6165393563666231310a646234636631616464333436653334363237306161336434323566373331
32376431643634646437326532306263363366336133363936666238656565356465396235323434
32373764666439623364636437346336663365326361313936653462393435626436396537343332
39333332326432633435636638386536363638313438656465646665616462336236376537333063
38623662303937666261613735333266373632386239383235636531653364376161666338633534
38383131346131373665333837663037316234376364613932643833386266316538653131643531
62656666616132666133356531653530363365313138353363376539343837653134633035323130
65656562623563383565393362356466393164333164343737323062373763336136353336613631
34343630643331623739656361316162643432653133316166616539663037303035623535643361
31313232666265633664633231376434633933303038616665356464383931343533656530623933
64393062613337643731653439303563333635616539666131353965653138333832633265636633
62303365356638393334313161386465323766346439306136353363333636616530393837373434
39303930326631323961646534623039376135633464333232393565653534653137343836353136
30346635353066313436376538653364623830333266386433306138376138306262326261356632
32393638333630363636313537373233353335306164656637666438336537373833386530636562
65633430303030343762666135376637616235303036633330313038303731653337616531623661
34346664336331383931373765663433646133666164323830336161626461356336363638366532
38396264356135643839343634333632323764623832356536656137356434613837343465626563
66333139353364623161623464363137636532363030313435343333343465316435616633393732
63633633663464643962613565346436653632623832653562656464343163303235386362663263
33636664613166363862613161313531613831646131306534356263626432616234326632346138
37626565373933366638613732663765333538643836313066333438336130376531303535643237
37333164643233633736663965343764336435306630663833663539353266333933363935663236
31313835336334393033633765346239313730616439623831623235393832376163393563343862
31366132316230323864396632333763383333613536346331353233613162303764343036393166
62326435626531646664646530626231396665353135376665326630666638346231643766663362
61386631663863323965393466626635626234666337383763336464636337393839643133363631
39303035313063393665636439633833366264666131313337323566616161313839386137343439
63656236353966303661643335643333383034663665306363346139623365623335623533353663
36363931363638376132666434313834333337623033333465316232653966326135363033636162
37396630336436653031633735626261643265303236333933656666646666373538663132633530
33656262313136306632326338303130313161343439316562316133616331363130626165323866
36656165656639363236343561646136316431393566326364656235323762633433356661303666
65643731313031663638366465656636356135323435313061333134333761313362616639366461
33396363616531306533306262353262396165643762636464316664353038613035336536316139
38396266626462383732633336343833373832666237323238333833373331626135336338313162
66663639366232643132656632383430393664666231303731663661383038633365393539653237
61636433653737376138653132663931383736316536323465336666336639613138383066626539
30323738386130633162346636333962313338303831343038396365306135666166366166316635
34386337363939306163306534626666633364623737306236363437346633633737343334326639
33323163396237343835646565303564383533333732323932646633353230346663663330323266
32323666626262373532373363653335356461346261343230613266633761323536656465393433
38373161623133373530303862663236316236356265653662633237643762633130336365356635
33656437316331363263333430633361646564666331636638633133356432646563343963363563
31613337616163366466343739643766373461613434393864346363313162313034393365383133
61363039663865613832633131383138613937666435363031653232343035613635313832653531
3433386235633361623439633036363663303739643837613463
