$ANSIBLE_VAULT;1.1;AES256
62396562316434366665356230633830313333363865643437633961643134353237306634373965
3665363039616262646437353336613766396238366531660a346461363739383336326533323237
37396135643737633763643737376334313266393734303466393331663364613835323866623862
3365356230336332380a313164343964666636396461383835666561623430366361653933383330
33303937326132636263363534323561656135323362323862623264663236626636623234323563
61626630366661623935313030663465386133316431613336336631636538613064613466323565
63393835356434376339623238666361666466356532353234383131383462396362366364656239
38373266363237333038613463643438633634386232343430343964316466333633303630303663
39626364326538363539343136643432336538343237393335343431306234306165396330326163
36393733623761356236363336643565376634313664646665656234376134356139333165336138
31383466626533653964363130636537616266623335386534626662663362643363666130656162
30316333373463346463623262373833306132653938663633653537393030333739653230346163
3764
