$ANSIBLE_VAULT;1.1;AES256
31626131316562316437663535666635336537303764666639316464363864303436323838646139
6164393138623963386431653135616163323932313261360a363933366334653837373964626137
34326661303662393632653037653332343565623963653031376565383034313631376337623636
6163323335613233360a643761343262366238613437373537643232303136326661313662646363
37636234396330346364616561663965323635346232386536373965333231323932373830313431
33653034343362613837336336663336636463343634363333323934613730346436613932333636
62316461313632383365336538343838633536373636373233333765313566643463313565653565
38353062653833623437343535643863303433653130666533386534396362396231613464313930
35323433353034313665353237356236656533303532373830383333636235396335376565376563
39623531353033663966643031663033653964643336346535323937383131346537396435376162
35633037363961303139366638653361353762333831336434373531643037343861343962633136
33643162386435613433
